For group number 0
First Point(x: 61, y: 175)
68 174 61 175 7.0710678118654755 
67 184 68 174 10.04987562112089 
62 196 67 184 13.0 
58 201 62 196 6.4031242374328485 
59 203 58 201 2.23606797749979 
54 203 58 201 4.47213595499958 
64 206 59 203 5.830951894845301 
66 202 64 206 4.47213595499958 
69 198 66 202 5.0 
72 203 69 198 5.830951894845301 
65 213 64 206 7.0710678118654755 
61 216 65 213 5.0 
56 213 61 216 5.830951894845301 
45 228 56 213 18.601075237738275 
29 217 45 228 19.4164878389476 
22 222 29 217 8.602325267042627 
16 211 22 222 12.529964086141668 
22 204 16 211 9.219544457292887 
10 190 22 204 18.439088914585774 
10 176 10 190 14.0 
15 172 10 176 6.4031242374328485 
11 169 15 172 5.0 
13 163 11 169 6.324555320336759 
28 164 13 163 15.033296378372908 
39 178 28 164 17.804493814764857 
For group number 1
First Point(x: 213, y: 234)
213 232 213 234 2.0 
210 233 213 234 3.1622776601683795 
222 236 213 234 9.219544457292887 
227 229 222 236 8.602325267042627 
230 224 227 229 5.830951894845301 
233 218 230 224 6.708203932499369 
224 210 233 218 12.041594578792296 
205 221 210 233 13.0 
196 214 205 221 11.40175425099138 
195 230 205 221 13.45362404707371 
212 202 224 210 14.422205101855956 
209 207 212 202 5.830951894845301 
204 202 209 207 7.0710678118654755 
195 245 195 230 15.0 
194 251 195 245 6.082762530298219 
201 255 194 251 8.06225774829855 
206 253 201 255 5.385164807134504 
219 251 206 253 13.152946437965905 
236 242 222 236 15.231546211727817 
235 247 236 242 5.0990195135927845 
251 244 236 242 15.132745950421556 
254 255 251 244 11.40175425099138 
180 227 195 230 15.297058540778355 
250 216 233 218 17.11724276862369 
252 218 250 216 2.8284271247461903 
252 203 250 216 13.152946437965905 
163 233 180 227 18.027756377319946 
160 249 163 233 16.278820596099706 
160 251 160 249 2.0 
158 251 160 251 2.0 
176 247 160 249 16.1245154965971 
179 204 196 214 19.72308292331602 
222 184 212 202 20.591260281974 
239 186 222 184 17.11724276862369 
243 184 239 186 4.47213595499958 
For group number 2
First Point(x: 167, y: 129)
165 134 167 129 5.385164807134504 
169 139 165 134 6.4031242374328485 
164 144 169 139 7.0710678118654755 
158 138 165 134 8.06225774829855 
148 140 158 138 10.198039027185569 
177 151 169 139 14.422205101855956 
186 137 177 151 16.64331697709324 
171 167 177 151 17.08800749063506 
165 173 171 167 8.48528137423857 
163 163 171 167 8.94427190999916 
160 183 165 173 11.180339887498949 
150 159 163 163 13.601470508735444 
154 112 167 129 21.400934559032695 
193 167 171 167 22.0 
For group number 3
First Point(x: 140, y: 199)
120 197 140 199 20.09975124224178 
118 185 120 197 12.165525060596439 
126 174 118 185 13.601470508735444 
134 179 126 174 9.433981132056603 
99 203 120 197 21.840329667841555 
98 196 99 203 7.0710678118654755 
104 219 99 203 16.76305461424021 
121 222 104 219 17.26267650163207 
99 173 118 185 22.47220505424423 
82 175 99 173 17.11724276862369 
For group number 4
First Point(x: 234, y: 15)
231 6 234 15 9.486832980505138 
245 13 234 15 11.180339887498949 
244 9 245 13 4.123105625617661 
249 11 245 13 4.47213595499958 
252 7 249 11 5.0 
253 0 252 7 7.0710678118654755 
254 18 249 11 8.602325267042627 
255 30 254 18 12.041594578792296 
217 6 231 6 14.0 
209 0 217 6 10.0 
197 4 209 0 12.649110640673518 
198 7 197 4 3.1622776601683795 
228 29 234 15 15.231546211727817 
222 30 228 29 6.082762530298219 
245 55 255 30 26.92582403567252 
243 59 245 55 4.47213595499958 
255 70 243 59 16.278820596099706 
For group number 5
First Point(x: 52, y: 27)
58 36 52 27 10.816653826391969 
65 45 58 36 11.40175425099138 
74 45 65 45 9.0 
56 48 65 45 9.486832980505138 
85 42 74 45 11.40175425099138 
90 43 85 42 5.0990195135927845 
90 36 90 43 7.0 
56 60 56 48 12.0 
66 58 56 60 10.198039027185569 
67 58 66 58 1.0 
72 57 67 58 5.0990195135927845 
85 25 90 36 12.083045973594572 
85 12 85 25 13.0 
41 57 56 60 15.297058540778355 
38 55 41 57 3.605551275463989 
36 51 38 55 4.47213595499958 
30 39 36 51 13.416407864998739 
35 24 30 39 15.811388300841896 
22 22 35 24 13.152946437965905 
20 21 22 22 2.23606797749979 
20 13 20 21 8.0 
66 18 52 27 16.64331697709324 
68 75 67 58 17.029386365926403 
68 78 68 75 3.0 
For group number 6
First Point(x: 115, y: 103)
109 111 115 103 10.0 
103 94 115 103 15.0 
130 104 115 103 15.033296378372908 
84 124 109 111 28.178005607210743 
84 130 84 124 6.0 
79 134 84 130 6.4031242374328485 
76 139 79 134 5.830951894845301 
87 143 76 139 11.704699910719626 
93 146 87 143 6.708203932499369 
100 150 93 146 8.06225774829855 
107 148 100 150 7.280109889280518 
108 155 107 148 7.0710678118654755 
86 152 87 143 9.055385138137417 
82 156 86 152 5.656854249492381 
88 163 82 156 9.219544457292887 
70 117 84 124 15.652475842498529 
128 138 107 148 23.259406699226016 
For group number 7
First Point(x: 192, y: 117)
194 119 192 117 2.8284271247461903 
197 113 192 117 6.4031242374328485 
188 111 192 117 7.211102550927978 
192 104 188 111 8.06225774829855 
194 133 194 119 14.0 
208 135 194 133 14.142135623730951 
208 139 208 135 4.0 
206 148 208 139 9.219544457292887 
211 122 208 135 13.341664064126334 
232 121 211 122 21.02379604162864 
238 130 232 121 10.816653826391969 
242 113 232 121 12.806248474865697 
232 103 242 113 14.142135623730951 
For group number 8
First Point(x: 13, y: 75)
16 80 13 75 5.830951894845301 
11 84 16 80 6.4031242374328485 
19 95 11 84 13.601470508735444 
29 96 19 95 10.04987562112089 
35 98 29 96 6.324555320336759 
36 104 35 98 6.082762530298219 
35 91 35 98 7.0 
43 102 36 104 7.280109889280518 
52 102 43 102 9.0 
51 107 52 102 5.0990195135927845 
31 113 36 104 10.295630140987 
68 108 51 107 17.029386365926403 
69 94 68 108 14.035668847618199 
22 130 31 113 19.235384061671343 
13 134 22 130 9.848857801796104 
1 108 19 95 22.20360331117452 
For group number 9
First Point(x: 165, y: 6)
170 22 165 6 16.76305461424021 
161 36 170 22 16.64331697709324 
162 38 161 36 2.23606797749979 
172 39 162 38 10.04987562112089 
172 49 172 39 10.0 
176 57 172 49 8.94427190999916 
170 62 176 57 7.810249675906654 
184 48 172 49 12.041594578792296 
177 72 170 62 12.206555615733702 
187 69 177 72 10.44030650891055 
145 30 161 36 17.08800749063506 
136 24 145 30 10.816653826391969 
120 32 136 24 17.88854381999832 
118 25 120 32 7.280109889280518 
117 43 120 32 11.40175425099138 
143 57 162 38 26.870057685088806 
140 60 143 57 4.242640687119285 
131 88 140 60 29.410882339705484 
119 86 131 88 12.165525060596439 
110 76 119 86 13.45362404707371 