0 67 58 5
1 90 36 5
2 72 57 5
3 56 48 5
4 56 60 5
5 41 57 5
6 66 58 5
7 90 43 5
8 30 39 5
9 66 18 5
10 85 25 5
11 20 21 5
12 74 45 5
13 36 51 5
14 22 22 5
15 68 75 5
16 65 45 5
17 58 36 5
18 20 13 5
19 38 55 5
20 52 27 5
21 85 12 5
22 68 78 5
23 85 42 5
24 35 24 5
25 134 179 3
26 98 196 3
27 121 222 3
28 126 174 3
29 82 175 3
30 88 163 6
31 118 185 3
32 99 203 3
33 120 197 3
34 140 199 3
35 104 219 3
36 99 173 3
37 59 203 0
38 69 198 0
39 28 164 0
40 13 163 0
41 22 204 0
42 22 222 0
43 10 190 0
44 62 196 0
45 54 203 0
46 39 178 0
47 45 228 0
48 61 216 0
49 65 213 0
50 11 169 0
51 58 201 0
52 66 202 0
53 61 175 0
54 68 174 0
55 15 172 0
56 29 217 0
57 64 206 0
58 56 213 0
59 10 176 0
60 72 203 0
61 67 184 0
62 16 211 0
63 87 143 6
64 84 130 6
65 107 148 6
66 79 134 6
67 128 138 6
68 76 139 6
69 108 155 6
70 86 152 6
71 82 156 6
72 93 146 6
73 100 150 6
74 84 124 6
75 130 104 6
76 110 76 9
77 119 86 9
78 109 111 6
79 131 88 9
80 115 103 6
81 103 94 6
82 211 122 7
83 192 104 7
84 169 139 2
85 171 167 2
86 160 183 2
87 164 144 2
88 194 119 7
89 232 103 7
90 167 129 2
91 238 130 7
92 208 139 7
93 192 117 7
94 194 133 7
95 163 163 2
96 165 134 2
97 165 173 2
98 154 112 2
99 232 121 7
100 193 167 2
101 186 137 2
102 177 151 2
103 150 159 2
104 208 135 7
105 158 138 2
106 148 140 2
107 206 148 7
108 242 113 7
109 197 113 7
110 188 111 7
111 118 25 9
112 120 32 9
113 176 57 9
114 177 72 9
115 140 60 9
116 145 30 9
117 165 6 9
118 172 39 9
119 170 62 9
120 172 49 9
121 117 43 9
122 162 38 9
123 161 36 9
124 136 24 9
125 187 69 9
126 184 48 9
127 170 22 9
128 143 57 9
129 252 218 1
130 233 218 1
131 196 214 1
132 222 184 1
133 212 202 1
134 222 236 1
135 195 245 1
136 163 233 1
137 176 247 1
138 254 255 1
139 201 255 1
140 239 186 1
141 210 233 1
142 194 251 1
143 236 242 1
144 213 234 1
145 243 184 1
146 206 253 1
147 230 224 1
148 209 207 1
149 250 216 1
150 179 204 1
151 160 249 1
152 224 210 1
153 204 202 1
154 227 229 1
155 213 232 1
156 251 244 1
157 252 203 1
158 205 221 1
159 160 251 1
160 158 251 1
161 219 251 1
162 180 227 1
163 235 247 1
164 195 230 1
165 13 134 8
166 69 94 8
167 13 75 8
168 31 113 8
169 19 95 8
170 11 84 8
171 29 96 8
172 52 102 8
173 51 107 8
174 22 130 8
175 16 80 8
176 35 91 8
177 70 117 6
178 1 108 8
179 36 104 8
180 43 102 8
181 68 108 8
182 35 98 8
183 254 18 4
184 197 4 4
185 217 6 4
186 222 30 4
187 249 11 4
188 245 13 4
189 198 7 4
190 244 9 4
191 231 6 4
192 209 0 4
193 253 0 4
194 228 29 4
195 255 70 4
196 255 30 4
197 234 15 4
198 243 59 4
199 245 55 4
200 252 7 4
